00001000000000000000 00001000000000000000
00001110001101110101 00010010001101110101
00000110001100010100 00001111010011001111
00000001110100010100 00001001011101111100
00000010101100101001 00000110111011101000
11111010011110100111 11111101000011100100
00000011110011011011 00000001111100011011
00000011101001101011 00000100100000101000
00001001010010101111 00001011011000010000
00010001111101011111 00010111111111101101
00001100101110001010 00011000011110110011
00010010111000001001 00011110111000111100
00001010011100110010 00011001010100000101
00000110010000011011 00010001110010101000
00000110101111111010 00001110110110010110
11111110100001001111 00000100110000111001
00000111110010110001 00001001100001011010
00000111001110001100 00001011100101111000
00001100111101111011 00010010010101111000
00010101000110111111 00011110010111110110
00001111101100101011 00011110011001011100
00010101101000100100 00100100011000011001
00001100101011000000 00011110000011010101
00001000100001111001 00010110001111001000
00001000100000010000 00010010101001000001
00000000001010100000 00001000001000011110
00001001010001010011 00001100100010110111
00001000001100011101 00001101111011110001
00001101111101011111 00010100011001010111
00010101011111110001 00011111101011110011
00001111110111011001 00011111001000001101
00010101100001001101 00100100100100100010
00001011111111101000 00011101011010000011
00000111111000000101 00010101001111001000
00000111010100000001 00010000111100001000
11111110110111111001 00000101111111111000
00000111110011110000 00001010000011101110
00000110010000100111 00001010110010111110
00001100000100111110 00010001000001001101
00010011000010111110 00011011101000000101
00001101010000111101 00011010100101110001
00010010101100010010 00011111100110001001
00001000101100011011 00010111101111001100
00000100101100001010 00001111010111100101
00000011101011110011 00001010100010100010
11111011010001001011 11111111010111101011
00000100001000111111 00000011010010000010
00000010010000011011 00000011100110101100
00001000010000110101 00001001110101011100
00001110110011100001 00010100000001001011
00001001000010100000 00010010110010100010
00001110011000110101 00010111101001000100
00000100000110000011 00001111011001100010
00000000011000000001 00000111001001100101
11111111000110011010 00000010000111000010
11110110111001101101 11110111000011101011
11111111111000100000 11111011001001111101
11111101110111001101 11111011011010101011
00000100001111101000 00000010000000100011
00001010100010111010 00001100000111100101
00000100111111111011 00001011000100001100
00001010011100101100 00010000000111010101
00000000000011111001 00000111110110100101
11111100110100000101 00000000000101001011
11111011011100110110 11111011001011011100
11110011101010100011 11110000100110011110
11111100111010111100 11110101001101111011
11111010111100101100 11110101110000011001
00000001110111101111 11111101000010001001
00001000000101101101 00000111011000001000
00000010111011100000 00000110110011111001
00001000100111011001 00001100010101100011
11111110010010010101 00000100010101100111
11111011101001000000 11111101010011011101
11111010010011110001 11111000110001110001
11110011000011111010 11101110111010010101
11111100101011101010 11110100001111101011
11111010110111000111 11110101010000011000
00000010011001110011 11111101011000110001
00001000100110101101 00001000000110110110
00000011111001110100 00001000001010100000
00001001110111000101 00001110010000111001
11111111101000110000 00000110100111100101
11111101100111010000 00000000011000100111
11111100010100100100 11111100010001010000
11110101100111110100 11110011001001000000
11111111100101010001 11111001001011001101
11111101111001011110 11111010101000101000
00000110000001001001 00000011100100001010
00001100001001100101 00001110100101001011
00000111110110110001 00001111001011000010
00001101111111111100 00010101101101110111
00000011110011101110 00001110010010100110
00000010010011101110 00001000101100011011
00000000111100100110 00000100110011011001
11111010101100010001 11111100001101111110
00000100110110011111 00000010101110001110
00000011001011100001 00000100011001011010
00001011101110100111 00001101110111100010
00010001101000100111 00011000111001101000
00001101100110010100 00011001101111101110
00010011101111110111 00100000011011000000
00001001011011011100 00011000111010000010
00001000010001001011 00010011100111101010
00000110101001101011 00001111100111000111
00000000101010010011 00000111001110110111
00001010110100001001 00001101110101110111
00001000111110001110 00001111011000000100
00010001101111101111 00011001000001001010
00010111001110010110 00100011101100010011
00010011010000011100 00100100011011010101
00011001001100110001 00101010110110100011
00001110100100001110 00100010111000100001
00001101100010110011 00011101100010001010
00001011011110010100 00011001000010011000
00000101100100010101 00010000100000101110
00001111100000111100 00010110110111000010
00001101010101000110 00010111111010011100
00010110001001010001 00100001011000100110
00011011000001011001 00101011010111011011
00010110111101111100 00101011101011100111
00011100100010001011 00110001100010101010
00010001011100101111 00101000110101011111
00010000011010110010 00100011001001011100
00001101110000110100 00011101111001101010
00000111110100111111 00010100111111101100
00010001011100010101 00011010110110011000
00001110110100110010 00011011001110010100
00010111100101011000 00100100010101011111
00011011110001110000 00101101011101001100
00010111100100111111 00101101001101110100
00011100101100101010 00110010011000010001
00010001001000010001 00101000110110000100
00010000000011010100 00100010101111001111
00001100110010011111 00011100101011110011
00000110110100111001 00010011010111111111
00010000000110011000 00011000101101110110
00001101000100111100 00011000011011101010
00010101110011010011 00100001001101111110
00011001010110011011 00101001100010000111
00010101000100001111 00101000110100111010
00011001110010101001 00101101011000110011
00001101110100111111 00100011001010001011
00001100110010001010 00011100110001110110
00001001000000101001 00010110000101010100
00000011001000101110 00001100100100001110
00001100001011000010 00010001100101110101
00001000111000100111 00010000111000011010
00010001101100111100 00011001100101000110
00010100101111111111 00100001010110000000
00010000100010101010 00100000011100111110
00010101000001001100 00100100101100001000
00001000110101101100 00011010000100111101
00000111111111100010 00010011101111000000
00000011111000101011 00001100101110000001
11111110010010100101 00000011010101100000
00000111010000101101 00001000011000000111
00000011111010001000 00000111100110001110
00001101000000000101 00010000100011101001
00001111101111010100 00011000000111111111
00001011110011101011 00010111011010101000
00010000001101110111 00011011101011100011
00000100000001101011 00010001000011011101
00000011100011111010 00001011000110101011
11111111010011110100 00000100000111111010
11111010001011111000 11111011001110111110
00000011010000101001 00000000101000000001
00000000000010000001 00000000000111110010
00001001100100000010 00001001101010101101
00001100001010000111 00010001010110101110
00001000101010110110 00010001001001001011
00001101001001101011 00010101101110001000
00000001000110111011 00001011010111101111
00000001001001110010 00000110000101000001
11111100111000101011 11111111011000100001
11111000010110111101 11110111001110100110
00000001101000011111 11111101001011010111
11111110101000111110 11111101001010000010
00001000101100000101 00000111011101100011
00001011001101111100 00001111011011010010
00001000001111101110 00001111110110110101
00001100110101111001 00010100110110110000
00000001000000001100 00001010111000110100
00000001100101000111 00000110010100101001
11111101010100010101 11111111111101101011
11111001011001101100 11111000100101001010
00000010110110111010 11111111000101011111
00000000000110001010 11111111100010100110
00001010100111111100 00001010100011111101
00001101000011000110 00010010101111011110
00001010100010111110 00010011101111010010
00001111001011101011 00011001000010111011
00000011011111001000 00001111010110000110
00000100100000000101 00001011010110111100
00000000001001101000 00000101001010111011
11111100101111110000 11111110011000011111
00000110010000011101 00000101001110101111
00000011100111010111 00000101111100101110
00001110011110101000 00010001011100011001
00010000101010001010 00011001100101010111
00001110011111000001 00011010111000101011
00010010111111100011 00100000001101011011
00000111010010101011 00010110011111011110
00001000100100011001 00010010110001100000
00000011111101011100 00001100011100010000
00000000111001010111 00000101111011100001
00001010010001010011 00001100110001111000
00000111100100111111 00001101011011101001
00010010100101010000 00011001000011010000
00010100010101011010 00100000110011011101
00010010010011101011 00100010000100010100
00010110011111011001 00100111000011001111
00001010100111010000 00011100111110100010
00001011111101011000 00011001001011010100
00000110111010100100 00010010010111000000
00000100000001010001 00001011110010110011
00001101000100100100 00010010010011100001
00001010001011000011 00010010100100111110
00010101001001001011 00011110000000000000
00010110010100000100 00100101000011111111
00010100010010011000 00100110000000000101
00010111111111011010 00101010010110110000
00001011110100001100 00011111101010111111
00001101000101111101 00011011100010001101
00000111011111111101 00010011111111111011
00000100101010110010 00001101001010110010
00001101010010011000 00010011001000100001
00001010000110110011 00010010110110101100
00010100111101000110 00011101111010011100
00010101011110101001 00100100001001001100
00010011011001101110 00100100101001001011
00010110100100100011 00101000010000101110
00001010000101000101 00011100111001101000
00001011010000100000 00011000010111011010
00000101000111000100 00010000000101001011
00000010010110100000 00001000111110110011
00001010100010101010 00001110011001110000
00000111000111100111 00001101100111011101
00010001110111110101 00011000010111000111
00010001110011100011 00011101110101101101
00001111101111101010 00011110000000010110
00010010011100010101 00100001000000000010
00000101101110111010 00010101000111011100
00000110111001011100 00010000010101111100
00000000010011101001 00000111011111101000
11111101101111010101 00000000010101010111
00000101100111010111 00000101011011000111
00000010000110001111 00000100011000001101
00001100111000110000 00001111000011101001
00001100011000100101 00010100000011011101
00001010100000000000 00010100001011010001
00001100111000011100 00010110110101101100
00000000001000110111 00001010110000001010
00000001011101000100 00000110000011100111
11111010100110110101 11111100111110101001
11111000011010110001 11110110000110100011
00000000001010000011 11111011001100110010
11111100101111111001 11111010010000011101
00000111110000001110 00000101001110000001
00000111000000110110 00001010000110001100
00000101100000001010 00001010100010101000
00000111110000000100 00001101001110011000
11111011001011100001 00000001010011101100
11111100110100110011 11111101000010100110
11110101111010011110 11110100000101110000
11110100010010100100 11101101110110011011
11111100000011111100 11110011010010011100
11111000111100101011 11110010110010100101
00000100010100110101 11111110010110011111
00000011100000111111 00000011011011000100
00000010100010010001 00000100011111100100
00000100110010100001 00000111011110100000
11111000100010110011 11111100000000110000
11111010101000110100 11111000011011001000
11110011110010100100 11101111110101111111
11110010110110000111 11101010011101111100
11111010101111011101 11110000011100010000
11111000000001101111 11110000100101010011
00000011110110000010 11111100111001100010
00000011000010100001 00000010010011111010
00000010101001100010 00000100001000100001
00000100111100011101 00000111100000100111
11111001000100100110 11111100100101100001
11111011100111111100 11111001101110100011
11110100110110110101 11110001100011100000
11110100100101101101 11101101000011101010
11111100100101011011 11110011100010111110
11111010010000010010 11110100010011010001
00000110011101010111 00000001010011100100
00000101100111010010 00000110111110101101
00000101110000000010 00001001011101000011
00001000000000010011 00001101000101110100
11111100011011100111 00000010100100101011
11111111010101010101 00000000010001001100
11111000100010111010 11111000010100100000
11111000110101100111 11110100011111110110
00000000110010111110 11111011010001001100
11111110101110011110 11111100011001101110
00001011001010001100 00001001110100110111
00001010001000001001 00001111011111001110
00001010101000010111 00010010010100110011
00001100101010101101 00010101111010001101
00000001001110111000 00001011011111010110
00000100010010101011 00001001011001110110
11111101010011101010 00000001010110000011
11111101111110001000 11111101110110011111
00000101101100010011 00000100100010100111
00000011101100101101 00000101101100110110
00010000001001101000 00010011001010110100
00001110101111011100 00011000011100111110
00001111011010011011 00011011010010001001
00010001000001101100 00011110011011111110
00000101100011000000 00010011110000011001
00001000100011100111 00010001100000110101
00000001001100001100 00001000111110111101
00000010000010010101 00000101011101101101
00001001010101000000 00001011101101101011
00000111001111100110 00001100100100001101
00010011100001101100 00011001101111000010
00010001100101001000 00011110010100011111
00010010010000100001 00100000110101011101
00010011010010011011 00100011010000001100
00000111101000011001 00011000000010011000
00001010011100010000 00010101010111001000
00000010100100110110 00001100000111011001
00000011011111000011 00001000010101100110
00001010001110110101 00001101111011000110
00000111111110001001 00001110010001111011
00010011111111000001 00011010111101101100
00010001011011110011 00011110101100101101
00010010000011011111 00100000110000111010
00010010011100010011 00100010010100111000
00000110100101001100 00010110011111101100
00001001001001101111 00010011010011110101
00000000110001111100 00001001010011101001
00000001101111111010 00000101001111111110
00000111111100111011 00001010001010100101
00000101100011000101 00001010000011110000
00010001010100000000 00010110010010110001
00001110001101100110 00011001001111111111
00001110110101000111 00011010111101010100
00001110101000110110 00011011110001010100
00000010101010100110 00001111011110000001
00000101000100110110 00001011111011000000
11111100010011110100 00000001010101111110
11111101011100100100 11111101001101000000
00000011001110001010 00000001101010000000
00000000110100010000 00000001010100111101
00001100011101010010 00001101010110100010
00001000111101110000 00001111110011001111
00001001101110111001 00010001011011101000
00001001000111100101 00010001110010001000
11111101001101110001 00000101010100111111
11111111101000000011 00000001101110101011
11110110101001110110 11110110111010010000
11111000001000111110 11110011000001100111
11111101101010110000 11110111010110101101
11111011011101101010 11110111001010011111
00000111001010001001 00000011010100110001
00000011011110011100 00000101101000010001
00000100100101011011 00000111100010111001
00000011101111000110 00000111110010101101
11111000000110110100 11111011100011100010
11111010101100011111 11111000010000010110
11110001101101110100 11101101100011101001
11110011101110111100 11101010010001110100
11111001001100000111 11101110110100100110
11110111010111110001 11101111000111010010
00000011010001110010 11111011101110100100
11111111100101000110 11111110001101011100
00000001001011110010 00000000101101110000
00000000001111110011 00000001001001001100
11110101000010111010 11110101011010011001
11110111111011101111 11110010101010100111
11101111000101010100 11101000010101111000
11110001101111100110 11100101111001100010
11110111001110100111 11101010110111001100
11110101111001110011 11101011110101101010
00000010000101110111 11111001000100011000
11111110011101100100 11111011111000110001
00000000100111101111 11111111000111001110
11111111101001000110 11111111110101000110
11110100111010110101 11110100101101000000
11111000000111101111 11110010100100011001
11101111011011010000 11101000101010111101
11110010101110101000 11100111000101100010
11111000001110101010 11101100011101110000
11110111011000101111 11101110000111000111
00000011110011111000 11111011111001101111
00000000001101110011 11111110111111110001
00000010110111101000 00000010110110100101
00000001110001110011 00000011101111100011
11110111011101111010 11111001000110011100
11111010111000011001 11110111011010110000
11110010010000001111 11101101110010001000
11110110000101011101 11101100110111011010
11111011011110101100 11110010011100100001
11111011000000001000 11110100100010110110
00000111100000110010 00000010101001001100
00000011110100011101 00000101110000101110
00000110110011111101 00001001111110011010
00000101011100101101 00001010101111111001
11111011011001011000 00000000010011010001
11111110110101110101 11111110110000001100
11110110000111101001 11110101000100011111
11111010010011000000 11110100011111011100
11111111011001101000 11111001111011110001
11111111000111010100 11111100001001110101
00001011100000110000 00001010001101001011
00000111100011000000 00001101000000011010
00001010101011111001 00010001001110100000
00001000110111001010 00010001100001111101
11111110111001010001 00000110111100001100
00000010001011001001 00000101001011000011
11111001001100001100 11111011000110111111
11111101100010000011 11111010100010000101
00000010001010110111 11111111100000010101
00000001111010101010 00000001100010001000
00001110000001101010 00001111001101111110
00001001101001010010 00010001011010001001
00001100110001101100 00010101010110000101
00001010010110010100 00010100111001101100
00000000010101111110 00001001111010101110
00000011010100100010 00000111101011010100
11111001111110001101 11111101000000110000
11111110010111010111 11111100001110010110
00000010011100000111 00000000100001111001
00000010001001001001 00000010001100110011
00001101111000000011 00001111010110100100
00001001000001101110 00010000110011100011
00001100000101111001 00010100010101111010
00001001000001001110 00010011000011100110
11111110111101001110 00000111100111100000
00000001100110100010 00000100110110001011
11110111111001010100 11111001100100000011
11111100010101110011 11111000100011110000
11111111110111100110 11111100001101101001
11111111100100011000 11111101100100110010
00001010111101000010 00001010001111110110
00000101101101000010 00001011000011100101
00001000110000101111 00001110010011000011
00000101000111101001 00001100010010111010
11111011000110001101 00000000100011110101
11111101011111110011 11111101011010111010
11110011100011011101 11110001101101110111
11111000001010011001 11110000101100110101
11111011010001010101 11110011111011010110
11111011000111000101 11110101001110110001
00000110010001111011 00000001101011000101
00000000110010110010 00000010000111101011
00000011111111110001 00000101010110100010
11111111111100111010 00000010111011101110
11110110001001100100 11110111001110010100
11111000011101111111 11110100000001111101
11101110011110111110 11101000001111111101
11110011011011101101 11100111100011111000
11110110010011110011 11101010101101001000
11110110011111001110 11101100010011111010
00000001100111101100 11111000110111101101
11111100000110100100 11111001010100101100
11111111101000101011 11111100111001110010
11111011011000010110 11111010011011010010
11110001111111110101 11101111000110111111
11110100011010010101 11101100001101011010
11101010100101010101 11100000101101011111
11110000000010111110 11100000101100001100
11110010110111100010 11100100000101101000
11110011100100000011 11100110010101001110
11111110110011111100 11110011010100001101
11111001011011110100 11110100000101101110
11111101011100010001 11111000010011101010
11111001000111110000 11110110000011010101
11110000010011010010 11101011011001101101
11110010111011010000 11101001000010010111
11101001011000101000 11011110000100000010
11101111011101011111 11011110111011000001
11110010010100110011 11100010110001000110
11110011101000011000 11100101110101001110
11111111000011101100 11110011011000110000
11111001111001011111 11110100101000000001
11111110011011000101 11111001100101110011
11111010000101000111 11110111101001011111
11110001110110111111 11101101101111100000
11110100101100101100 11101011111100110110
11101011011101100101 11100001100010010011
11110010001000100100 11100011010001011001
11110101000001011001 11100111100010101001
11110110111010010101 11101011011000110110
00000010011101010111 11111001011011111101
11111101011110010101 11111011000011110001
00000010011100000110 00000000101001111000
11111101111111101101 11111110111001000000
11110110010010100011 11110101100101001101
11111001001110101111 11110100001011011100
11110000001100110011 11101010001000110000
11110111010101100000 11101100100001111001
11111010000111100000 11110000111111010010
11111100011101001001 11110101010111110111
00000111111101100110 00000011101000101110
00000011000000011101 00000101010111011110
00001000001111010010 00001011010010100011
00000011100001101011 00001001011001001000
11111100001010100100 00000000010111010001
11111111000000110101 11111111000000011100
11110110000000111110 11110101000000001110
11111101011010100001 11110111101100100001
11111111111001011010 11111011111111000000
00000010011111011111 00000000100010111011
00001101101111111000 00001110101001010001
00001000101000101111 00010000000111101110
00001101111011001110 00010101111111100000
00001000101111111001 00010011100101101011
00000001100010100010 00001010011110011001
00000100000101101100 00001000110010010110
11111010111100011111 11111110011101111101
00000010011010001000 00000001000110000111
00000100011010010010 00000100110111001100
00000111000101101010 00001001010000111001
00010001111010001000 00010110110110110010
00001100011111001001 00010111110000111010
00010001101010011011 00011101010001001111
00001011110111110111 00011010000100001001
00000100101011011100 00010000100101111000
00000110110010001010 00001110010011001001
11111101011000011011 00000011011011010101
00000100110010000101 00000101110000010001
00000110001100111110 00001000110010011001
00001000110111110011 00001100110101110111
00010011001010010000 00011001101111101010
00001101010111101001 00011001111100010110
00010010010111001000 00011110111100100000
00001011111010100001 00011010110101010010
00000100101100111101 00010000111010111101
00000110010100111110 00001101111100111110
11111100101010110001 00000010011111110011
00000011111111110000 00000100011111111111
00000100110110011000 00000110110011100100
00000111100010011011 00001010100010111001
00010001010100011110 00010110110011010000
00001011001110001011 00010110010111110100
00010000000101000000 00011010111101100001
00001001000011001101 00010110000011110100
00000001111010000100 00001011110110101101
00000011001000101110 00001000010111001100
11111001010101100101 11111100100000111000
00000000101100011100 11111110011000101011
00000001000110111111 00000000001011101100
00000011111100111100 00000011110110001111
00001101010110111010 00001111101100101011
00000111000111010011 00001110111010110111
00001011111110110010 00010011010111110010
00000100100010100110 00001101111110101011
11111101101000111110 00000011110010110111
11111110101000110101 00000000000101110011
11110100111001000101 11110100001100000100
11111100011100110100 11110110010000101011
11111100100111100011 11110111111001010100
11111111110011101011 11111011110101110010
00001001000001000111 00000111101000011011
00000010110101010100 00000110110111101111
00000111111001000010 00001011100010011100
00000000001111000111 00000110000001000110
11111001110001011001 11111100001101110111
11111010101101111010 11111000101001100000
11110001001110010101 11101101000011100000
11111001001001110101 11101111101010101001
11111001010000011111 11110001011110101101
11111100111101111110 11110110000010011101
00000110001000111101 00000010000101010010
00000000001100001001 00000001101010001011
00000101100101001101 00000110110101010001
11111101110111010111 00000001011110000111
11110111111110100100 11111000010101000100
11111000111111100000 11110101001001010010
11101111111000101011 11101010000110111111
11111000010010010011 11101101011110010101
11111000011011101101 11101111101010111101
11111100110000011101 11110101000001111110
00000101111101011111 00000001011110111011
00000000010100111001 00000001100011001101
00000110000110001101 00000111010110000101
11111110010111110100 00000010001111110100
11111001000110010010 11111001110110010110
11111010001100100000 11110111000110010111
11110001011111111011 11101100101010101101
11111010010110110000 11110000110010100111
11111010100010011101 11110011010111010111
11111111011100110110 11111001011111110000
00001000101000111100 00000110010010110100
00000011010010001110 00000110110010001110
00001001010111001000 00001101000110000110
00000001100100000100 00001000001001010100
11111100110100100111 00000000010110101100
11111101111001100111 11111101110111110101
11110101100001100010 11110011110111111111
11111110101101100001 11111000100011010000
11111110110100000111 11111011010010011100
00000100001011110000 00000001111101011000
00001101001101011011 00001110110110000001
00000111111111111111 00001111100000001010